50 72
39 233 756 634 895 23 917 854 962 90 689 3 167 285 538 31 458 679 583 900 318 758 928 884 546 989 191 431 874 20 701 536 228 225 521 628 539 907 448 456 889 85 315 396 258 742 188 844 462 80 699 201 329 49 864 296 758 289 330 602 662 413 791 47 744 783 536 928 879 531 526 966 
504 866 913 216 259 368 104 221 702 653 687 316 972 991 279 179 895 777 556 438 431 112 776 226 985 943 536 899 814 30 142 869 0 349 263 114 700 300 652 421 270 368 824 36 502 280 388 733 482 537 69 519 383 131 176 637 499 237 428 42 247 477 783 907 708 182 520 311 190 924 642 42 
663 523 365 916 741 712 447 683 362 155 95 260 139 809 145 452 697 72 620 862 74 272 750 918 278 27 670 272 720 62 735 172 155 396 648 921 691 252 571 345 420 545 219 404 416 523 405 943 143 746 473 595 176 234 179 570 312 782 739 377 716 623 828 821 559 927 73 753 20 827 268 259 
320 548 299 828 213 298 706 370 48 593 793 189 698 425 627 312 380 991 690 775 881 153 719 656 813 940 86 814 825 982 335 7 846 365 654 288 485 841 191 865 311 239 202 290 946 358 639 242 221 367 771 530 5 718 527 734 323 378 495 110 439 270 713 763 338 89 919 50 297 426 762 487 
764 376 71 768 842 163 732 5 342 191 787 79 87 151 791 241 434 307 924 270 110 568 267 726 238 356 393 391 681 15 45 912 786 11 688 979 426 419 167 865 27 114 83 627 672 168 214 1000 391 600 686 196 245 572 246 724 813 332 15 92 943 286 684 94 998 715 359 146 317 663 484 47 
33 325 880 615 145 146 65 630 412 115 266 470 363 287 188 92 365 375 299 728 312 917 474 301 838 209 107 495 907 686 576 55 584 826 642 426 840 384 859 256 428 813 870 837 287 392 94 752 75 669 25 30 887 608 781 797 324 867 959 347 560 6 873 661 269 945 303 594 187 899 532 565 
688 727 42 625 237 214 91 799 699 929 536 440 458 203 801 139 84 256 892 454 599 2 241 425 44 766 573 590 621 669 813 437 344 526 400 972 369 132 941 431 901 229 162 904 106 745 869 793 373 275 853 236 717 701 482 508 71 288 614 394 75 636 629 855 868 962 288 251 644 99 387 715 
943 404 680 944 63 472 395 665 25 164 168 967 352 727 680 759 23 247 660 337 127 928 576 354 500 498 104 70 6 936 379 188 156 184 234 843 777 14 730 399 564 305 50 586 400 0 294 497 432 766 336 764 156 478 648 292 818 738 481 582 745 100 576 380 507 427 537 458 154 302 84 663 
179 728 133 958 57 521 991 68 990 786 649 945 62 429 251 639 410 172 163 191 823 343 954 333 135 245 227 558 45 629 356 573 261 52 628 281 982 64 19 188 661 417 130 712 52 40 332 279 53 410 70 615 269 543 379 61 645 936 218 19 750 484 160 943 528 558 480 297 786 472 95 168 
991 419 817 864 943 897 67 430 384 580 354 490 621 648 16 580 362 878 202 861 506 219 89 760 365 771 975 512 431 210 668 970 571 959 822 156 988 749 582 647 560 126 492 575 295 593 296 266 452 997 855 476 860 825 175 525 625 931 328 181 880 937 377 257 680 739 925 104 472 737 160 50 
194 252 182 136 272 175 826 787 308 653 67 138 59 1 149 876 654 326 17 404 75 307 448 321 689 266 815 961 213 787 671 564 287 636 510 124 321 335 21 311 802 123 179 581 203 869 934 211 562 550 992 574 60 619 626 95 569 156 242 496 721 432 738 548 529 137 17 270 877 136 335 826 
904 985 731 626 78 325 348 797 953 449 762 67 324 766 549 251 105 776 129 547 250 721 737 450 722 643 791 774 321 491 575 278 47 790 741 184 506 919 185 838 923 663 686 517 500 799 341 423 453 505 346 105 77 577 843 43 17 930 494 212 831 536 4 270 805 128 28 850 140 495 313 693 
25 796 489 866 339 476 713 415 79 652 703 277 188 315 959 764 446 925 325 999 961 285 82 132 333 183 261 958 790 995 338 520 20 129 579 701 988 727 506 526 620 252 361 166 969 226 744 180 352 474 854 543 476 100 127 588 966 501 416 644 389 929 365 418 838 240 931 713 442 533 669 925 
610 776 699 692 418 212 30 586 676 506 104 1000 116 39 953 735 589 135 839 32 974 416 142 810 519 649 77 659 124 470 229 399 204 813 637 357 18 257 499 958 723 666 209 999 652 277 823 227 250 159 256 228 624 525 134 921 22 470 348 557 802 128 189 856 242 984 990 98 859 792 319 932 
240 755 987 438 759 750 713 435 509 361 43 538 950 90 728 816 626 767 858 889 895 716 410 587 369 291 8 1000 655 635 577 381 512 721 913 506 55 284 664 423 758 658 552 562 794 415 128 983 71 887 860 674 653 780 512 788 564 30 197 125 22 765 644 84 923 990 682 963 44 437 96 222 
787 100 644 987 81 464 218 966 929 774 109 362 439 350 112 273 346 477 25 428 71 148 679 696 803 709 653 334 349 24 830 262 618 162 445 75 806 431 15 332 27 740 909 792 250 342 641 769 640 710 567 507 647 444 27 681 834 173 548 956 956 438 807 543 789 109 646 20 229 46 537 557 
172 963 301 488 875 758 521 961 440 715 467 832 227 938 612 389 785 600 309 733 552 176 233 792 897 840 569 811 20 163 562 653 362 86 369 488 581 236 278 389 825 747 799 898 979 589 129 937 596 823 585 983 670 553 680 869 63 927 302 212 399 679 919 406 766 252 555 971 799 717 987 443 
411 401 548 500 379 773 354 248 357 545 354 648 615 413 456 278 475 55 993 282 561 31 370 169 805 829 495 645 132 723 121 444 811 306 862 177 630 500 755 848 684 802 373 548 68 269 578 202 857 801 624 84 357 847 631 785 307 826 817 438 670 725 288 231 840 190 476 729 499 319 694 842 
467 667 219 734 646 904 319 31 225 836 929 137 546 980 964 143 758 585 326 848 703 656 7 481 717 577 715 565 420 327 276 794 42 458 16 950 641 561 894 386 494 408 992 54 729 318 416 868 942 14 286 683 724 905 548 565 834 549 319 480 990 802 828 9 818 897 737 988 3 772 120 372 
731 663 183 191 26 793 453 153 988 885 627 172 540 1 179 273 702 767 453 611 532 186 550 188 558 362 331 430 954 120 271 927 618 197 463 255 724 228 778 187 385 507 404 274 447 718 840 103 222 715 366 616 283 636 596 144 561 222 806 651 326 281 693 768 288 456 165 374 380 437 911 343 
840 978 235 779 526 175 706 726 585 433 434 452 122 322 589 298 239 431 155 482 183 415 482 110 885 117 512 666 279 922 736 37 2 444 369 332 287 461 880 69 524 724 35 960 749 962 47 169 794 372 691 565 476 871 834 972 257 99 788 210 779 436 320 143 731 539 408 158 878 194 211 949 
578 350 562 224 45 211 993 107 107 527 140 31 270 404 824 602 956 578 504 923 839 621 786 629 507 888 272 368 624 322 473 30 309 631 645 826 634 498 733 897 54 125 65 496 231 723 452 745 565 490 199 461 1 515 688 93 160 227 800 198 146 324 420 47 823 567 735 884 472 984 918 762 
858 493 94 341 513 946 355 306 856 467 186 27 754 846 560 84 800 445 917 140 737 945 852 798 938 574 591 630 589 263 486 857 268 827 64 414 747 382 607 891 790 784 627 323 8 444 723 754 659 636 997 372 773 857 819 643 506 937 16 575 888 278 871 709 800 141 182 969 929 295 377 382 
866 355 929 748 271 25 552 340 441 890 572 178 176 778 258 648 667 687 37 238 292 683 904 301 460 153 126 726 470 767 286 202 938 542 684 116 547 292 638 536 695 543 963 590 929 840 508 20 610 289 973 749 731 86 852 534 561 900 391 546 167 407 183 418 378 939 542 313 365 321 577 524 
27 829 755 709 844 306 77 754 646 355 792 860 821 945 789 153 738 303 56 231 113 278 412 132 879 881 735 257 200 189 645 656 614 684 429 377 73 579 592 158 807 224 233 323 338 482 510 96 587 392 361 950 237 349 343 999 102 164 311 983 538 268 93 396 881 427 271 854 202 53 36 429 
945 870 885 752 647 971 813 98 314 206 776 411 609 898 400 445 388 907 199 261 79 623 878 435 676 759 653 582 569 503 4 759 266 613 432 883 759 838 705 354 547 776 225 486 137 695 25 917 597 408 579 1000 600 726 874 584 256 958 348 187 46 701 345 877 572 1000 730 280 236 649 263 201 
851 250 53 688 319 850 573 847 543 470 366 48 177 241 837 846 860 65 22 784 295 538 905 280 449 26 250 807 451 459 440 782 766 843 369 629 632 613 149 666 566 229 909 113 828 279 934 800 643 594 583 153 642 189 814 491 359 705 657 675 101 219 702 819 878 373 596 769 768 47 942 490 
10 110 145 720 960 156 882 204 774 449 338 415 672 735 583 279 514 166 180 80 689 633 673 507 782 334 345 69 391 335 781 541 812 576 713 566 603 72 928 686 41 189 521 130 915 442 999 528 342 502 330 507 212 720 565 328 100 188 869 454 57 445 964 362 502 541 609 738 368 553 718 286 
11 223 6 715 925 915 454 170 215 93 263 717 991 597 674 357 180 313 436 137 343 260 112 219 638 782 950 563 404 618 465 633 230 499 15 389 89 212 758 963 94 913 294 990 360 516 997 727 871 279 650 339 912 695 449 187 987 873 244 797 446 398 882 738 434 397 977 123 1000 983 42 143 
460 506 973 971 175 474 651 680 307 608 358 839 960 103 208 559 433 579 925 129 930 484 403 337 822 353 193 478 423 924 251 501 696 677 358 73 650 552 452 688 33 371 287 450 975 213 390 107 94 585 759 195 842 687 943 748 669 360 330 77 756 322 799 794 850 820 883 947 212 707 877 675 
640 476 968 284 846 670 164 902 488 848 212 59 571 375 128 397 407 587 235 169 917 202 496 547 662 168 608 322 133 353 585 202 853 306 291 968 406 62 275 3 242 803 634 539 375 510 235 425 929 82 345 927 764 335 268 154 339 181 680 207 32 304 27 212 72 630 652 609 653 582 500 772 
267 308 84 652 201 789 467 450 644 315 367 980 721 407 82 921 742 794 275 727 548 78 173 368 692 861 785 513 276 676 709 124 95 464 543 366 275 484 98 736 324 140 160 90 818 252 588 320 807 907 123 201 524 279 312 749 779 671 81 175 150 311 608 12 635 735 269 506 898 71 4 797 
110 667 130 755 168 18 713 211 126 281 612 47 334 651 19 852 798 711 518 156 857 425 702 45 500 175 760 997 725 127 628 562 526 687 880 464 965 780 439 862 938 679 595 694 174 415 104 151 246 576 267 175 17 223 267 306 910 539 909 589 224 255 602 941 31 500 843 420 436 333 450 222 
299 342 4 856 358 25 162 712 334 922 961 816 66 695 110 826 284 781 754 487 918 394 373 505 749 363 639 90 267 751 832 756 935 434 620 319 843 833 718 19 777 583 203 442 768 832 627 875 627 777 901 72 883 934 93 57 537 328 171 483 494 496 200 225 828 804 823 884 302 836 660 323 
526 857 971 511 661 441 434 725 483 104 537 153 58 292 644 243 556 998 561 952 851 827 705 469 802 649 178 227 493 844 886 180 697 725 692 723 434 396 259 524 624 867 446 301 936 907 452 591 609 488 554 521 820 805 896 638 551 91 350 688 660 696 938 525 173 649 943 575 534 271 72 171 
398 201 646 718 987 693 711 587 573 909 474 880 645 834 370 24 788 168 666 875 271 143 987 412 776 320 704 928 571 634 360 249 928 536 379 455 290 498 87 341 384 79 52 795 663 639 9 396 396 492 75 740 297 702 764 426 946 510 298 977 292 273 4 339 67 487 372 362 338 127 249 374 
19 86 497 839 412 143 295 390 537 237 408 278 903 990 941 416 572 8 919 743 94 29 751 314 660 972 258 848 211 62 523 963 160 778 522 491 268 64 48 307 691 814 685 806 9 795 673 345 357 559 662 455 335 592 994 868 634 190 636 967 577 353 969 709 811 310 93 895 839 370 401 996 
677 59 6 413 946 608 136 537 353 887 133 649 883 611 411 841 665 199 267 59 192 687 273 88 130 564 411 69 946 185 16 393 541 241 230 77 953 300 566 237 14 535 805 208 326 480 271 83 872 646 689 714 239 422 835 363 719 474 558 500 39 588 125 537 793 93 754 965 909 306 19 200 
283 664 14 722 836 803 803 155 595 62 37 884 394 747 575 194 63 717 848 889 857 975 730 811 619 248 792 284 541 528 984 971 89 851 399 871 457 632 341 380 485 783 348 840 637 93 921 686 902 468 769 634 122 435 960 980 810 548 61 324 503 760 939 197 665 645 743 362 43 643 502 297 
151 318 599 657 960 597 513 167 827 243 855 629 292 242 413 20 585 382 345 904 590 186 607 173 891 761 716 338 635 161 667 134 691 47 148 13 706 497 233 587 712 498 61 238 857 167 563 558 860 896 740 659 809 42 937 503 186 629 124 837 903 610 863 85 974 853 444 774 482 8 528 643 
152 633 403 631 593 536 942 104 861 742 804 479 925 898 758 577 700 906 245 489 300 414 611 610 107 302 341 743 596 105 193 980 460 604 193 773 70 759 571 824 843 585 569 964 805 694 230 735 945 947 252 977 403 693 411 50 747 618 266 428 479 678 739 876 50 751 506 357 492 312 545 8 
972 613 191 916 986 535 651 516 765 758 805 971 237 180 150 857 70 962 148 193 976 920 114 826 115 511 624 900 396 473 333 931 165 935 95 924 702 301 779 331 899 217 552 781 812 592 169 467 228 444 299 232 438 939 772 475 3 612 533 429 347 121 422 561 370 179 364 817 597 953 704 582 
774 813 311 610 747 988 696 393 620 133 468 810 621 385 159 143 948 864 361 126 547 521 946 677 503 429 201 66 655 644 480 652 957 405 325 297 99 687 205 72 417 991 382 598 225 346 214 364 355 58 243 272 699 969 809 443 940 519 7 774 866 43 140 67 425 255 515 275 586 465 283 610 
131 670 166 899 778 254 638 747 559 630 206 603 971 824 185 695 165 661 105 481 652 378 989 54 587 519 45 834 970 65 259 875 450 32 574 192 272 633 924 548 676 417 794 680 978 124 347 596 621 538 926 326 226 930 150 834 660 41 754 204 261 54 406 399 492 298 648 882 204 607 908 296 
102 905 76 976 644 828 856 1000 562 45 738 953 232 32 608 906 147 950 850 116 794 611 457 680 149 582 916 126 34 171 898 583 430 546 932 727 919 712 447 181 891 412 738 388 312 294 684 832 497 722 461 8 992 572 438 284 38 925 22 11 287 148 538 702 684 564 88 89 161 420 404 105 
391 476 917 572 388 658 358 188 519 723 766 958 199 406 87 368 233 208 61 401 361 877 550 647 883 550 629 950 304 618 99 742 491 834 274 932 183 504 765 298 157 531 124 897 38 521 868 92 226 477 88 617 987 870 482 384 302 358 128 939 482 748 734 62 883 83 814 881 353 997 865 900 
754 951 586 87 856 223 244 785 643 178 824 62 49 21 726 150 92 931 319 801 845 119 109 186 378 850 398 387 593 129 480 119 196 658 538 790 286 307 736 203 722 64 780 585 952 31 455 631 22 222 416 509 683 88 926 907 960 730 956 462 168 706 388 415 228 659 249 411 157 451 770 952 
658 254 998 990 200 82 533 154 138 954 934 728 148 738 238 581 342 742 624 200 962 731 366 4 934 921 782 348 615 908 408 488 798 197 280 551 217 619 687 814 190 686 271 402 691 473 678 457 863 475 508 162 264 156 662 102 880 613 847 437 307 846 31 378 845 365 987 688 322 752 971 97 
847 446 580 575 418 557 556 307 542 730 650 487 721 270 373 242 155 838 450 110 336 212 219 10 494 654 321 372 949 704 912 456 9 842 911 23 655 982 962 630 890 998 639 900 279 712 738 886 696 524 661 922 292 977 129 772 848 921 482 585 324 173 309 170 465 947 350 839 747 438 257 680 
916 529 47 856 893 194 17 185 797 218 510 428 933 383 771 569 505 925 422 645 721 112 548 147 25 596 505 608 831 352 380 108 233 525 523 891 790 146 122 256 246 49 779 30 152 50 743 765 106 114 604 881 599 253 544 769 92 144 810 170 316 905 544 695 217 742 516 295 929 8 303 751 

18 83 98 68 17 57 24 22 19 99 79 3 49 61 23 100 51 15 34 82 25 36 13 19 41 19 6 62 38 2 91 0 23 85 76 72 58 92 20 0 91 69 53 97 28 34 56 57 50 89 73 75 45 63 95 16 44 24 41 86 55 23 61 83 37 59 7 93 77 91 41 57 
85 5 28 88 2 24 5 95 76 99 26 56 94 30 83 29 45 50 62 43 33 59 94 98 24 72 48 29 21 39 78 23 78 77 23 76 75 37 85 39 7 36 45 14 52 13 92 47 52 93 21 82 83 61 32 32 47 54 55 86 55 45 45 46 86 46 18 53 94 73 77 63 
11 38 43 17 90 64 55 68 12 56 59 38 13 83 53 78 67 4 89 54 20 41 73 57 3 74 65 61 58 44 31 38 69 36 43 29 46 50 13 11 29 14 27 1 49 83 92 97 52 21 72 30 34 64 72 59 8 4 85 15 42 13 100 25 49 80 92 63 92 35 20 98 
55 23 40 62 2 43 80 19 32 77 74 69 23 40 94 92 22 76 10 15 37 83 43 12 56 35 53 39 65 60 47 76 72 18 89 23 16 41 68 27 65 58 82 77 38 3 30 8 58 16 34 41 53 85 31 33 62 80 92 0 62 60 64 92 100 5 76 79 18 6 12 41 
33 91 25 21 98 47 92 39 35 16 77 11 33 14 98 78 34 0 90 0 98 49 93 86 92 57 55 5 63 61 29 38 7 63 4 57 12 81 54 11 67 70 2 93 42 40 47 74 13 23 11 45 54 2 77 69 26 8 52 15 57 98 10 22 77 15 40 58 67 25 42 76 
54 43 64 51 41 90 8 67 30 98 13 59 27 42 86 51 61 85 14 98 34 64 57 11 53 14 18 30 48 26 36 12 0 42 58 59 34 1 92 86 93 30 39 90 95 46 21 83 44 82 0 34 6 42 71 86 45 66 2 0 62 96 80 89 82 44 55 76 95 67 54 22 
46 17 8 84 67 28 69 4 23 67 27 87 100 70 8 40 83 17 32 1 83 4 86 87 51 62 18 87 51 46 12 97 40 63 0 77 9 55 48 90 83 73 9 95 16 58 48 78 47 87 25 80 7 44 81 34 84 64 51 6 24 58 70 39 60 3 84 58 25 55 46 74 
82 46 18 24 6 68 75 18 25 70 7 42 48 21 67 13 26 13 66 63 99 42 83 93 1 1 9 60 30 47 58 4 59 16 74 78 33 48 74 43 19 61 91 62 29 26 41 91 25 16 35 65 32 64 60 1 71 12 88 80 2 38 74 37 37 96 5 69 35 23 9 30 
79 11 21 37 54 28 14 89 27 38 96 92 40 53 88 28 80 11 84 5 24 96 7 45 68 4 82 91 72 50 73 60 34 73 34 51 34 9 10 81 34 78 66 24 35 34 76 34 9 46 21 18 4 42 67 6 24 99 28 72 78 82 1 67 21 87 70 100 20 88 17 28 
75 63 100 16 73 81 10 67 26 73 15 49 30 99 32 90 80 48 57 77 28 0 2 14 62 15 99 71 57 12 3 58 98 44 84 39 84 16 15 90 18 6 94 4 71 73 10 17 94 24 98 68 37 70 18 6 4 96 48 32 55 33 5 48 18 6 69 69 2 15 24 39 
88 85 51 82 12 65 3 66 64 21 12 64 5 76 78 94 62 29 84 53 80 82 93 55 63 13 58 26 17 81 24 76 25 17 15 2 58 87 72 88 88 96 90 91 33 49 28 77 98 61 61 3 27 19 85 36 72 92 99 17 72 23 66 72 14 72 89 76 51 57 100 31 
74 28 61 93 50 41 16 16 9 93 4 4 57 31 91 7 89 56 82 56 83 58 46 82 63 0 13 10 8 62 14 63 90 35 62 78 35 8 78 95 43 98 79 65 9 40 86 100 32 85 12 100 50 99 62 20 50 4 94 45 47 78 91 78 36 64 38 63 13 11 96 54 
55 57 50 14 92 4 88 62 49 42 66 63 79 89 25 14 58 7 31 68 28 75 86 42 13 3 60 61 25 39 70 45 44 26 28 23 80 45 32 17 62 20 20 69 6 75 92 87 62 88 40 51 41 66 44 10 71 7 58 50 41 55 51 1 2 85 58 89 56 49 15 53 
52 65 12 51 26 9 44 20 72 6 75 31 35 36 90 68 54 72 5 87 26 87 15 46 31 42 75 19 63 42 65 19 32 47 56 67 74 71 90 1 61 58 56 31 93 56 4 7 62 24 55 55 24 74 29 36 0 6 27 36 80 70 48 85 5 17 72 72 93 77 60 44 
18 29 52 56 71 61 34 51 90 80 92 11 57 82 27 55 63 8 86 53 51 6 29 51 75 15 72 66 25 92 52 22 63 28 3 84 45 6 51 89 94 74 64 94 54 4 87 32 25 12 68 70 84 35 9 55 4 8 51 80 43 19 91 33 51 32 91 100 84 49 48 95 
99 20 15 68 67 7 94 78 42 16 74 67 24 33 57 29 12 26 38 87 26 18 60 86 50 29 98 53 5 25 65 19 11 26 80 64 63 54 77 52 73 84 12 75 21 6 3 52 39 83 67 29 51 100 2 98 86 11 78 3 24 91 37 84 80 82 78 82 91 54 99 90 
89 32 15 45 51 42 19 2 0 53 72 31 36 39 49 17 98 53 76 99 82 5 60 10 70 80 9 24 69 63 66 10 38 21 16 18 78 28 49 5 52 72 78 2 37 38 68 15 25 29 21 24 19 84 57 31 96 79 94 63 83 20 81 22 10 31 6 24 20 87 58 6 
71 93 43 36 100 67 15 76 92 48 0 3 83 17 25 57 77 52 76 73 69 100 23 19 71 4 22 9 43 85 89 41 73 3 30 64 76 17 44 69 60 86 94 41 100 49 41 7 42 77 42 89 90 17 75 35 86 79 71 73 95 56 18 51 74 4 64 4 90 27 45 62 
27 49 57 78 6 65 17 27 38 97 99 26 7 53 40 63 39 90 88 5 63 67 93 18 33 25 13 51 84 84 0 43 47 45 83 79 93 14 51 18 64 20 42 47 98 75 58 4 46 61 47 83 66 65 37 30 12 38 8 76 96 93 79 52 1 13 2 37 10 31 40 51 
90 68 25 21 37 41 90 4 85 99 76 79 51 91 55 27 69 77 97 46 14 61 97 84 100 63 10 72 97 29 93 95 41 59 55 66 14 41 58 48 14 5 48 48 44 36 60 97 71 71 9 41 45 2 90 31 14 59 94 51 70 64 94 73 7 15 3 93 10 86 38 40 
49 69 10 12 84 10 4 42 57 14 47 18 14 93 89 79 4 82 49 32 28 40 38 42 0 98 72 41 7 19 1 16 6 38 27 84 98 63 38 12 79 15 46 18 90 57 61 50 99 71 32 18 44 84 7 27 46 55 37 22 96 63 96 31 22 7 45 34 79 73 64 65 
33 13 18 7 2 54 11 88 67 63 91 63 35 58 47 7 30 54 78 25 66 4 42 14 14 44 48 14 22 46 54 86 7 50 42 72 86 32 61 45 96 54 12 36 73 5 52 30 92 72 12 12 32 69 87 11 97 57 73 91 21 64 45 82 41 50 84 100 32 30 60 50 
76 57 27 25 62 16 87 78 82 41 16 46 99 82 52 20 75 36 84 45 54 77 42 89 82 29 21 93 3 5 18 16 14 13 23 84 75 88 88 43 54 62 56 76 84 81 62 25 10 70 99 8 72 11 74 11 18 41 29 94 66 53 52 92 6 0 78 31 77 65 94 97 
3 61 33 40 60 45 49 60 22 76 32 10 58 81 5 5 61 67 61 38 54 89 100 32 39 56 95 91 86 11 21 4 93 70 71 91 6 31 87 79 4 2 48 40 52 83 77 13 75 84 97 54 15 90 58 73 61 84 57 66 62 72 2 20 63 19 9 72 68 93 25 77 
53 56 32 46 61 31 33 86 5 41 58 73 72 100 5 26 73 82 55 1 75 94 22 98 17 22 36 33 36 10 89 69 92 3 47 75 3 38 67 86 46 13 2 47 13 97 89 65 40 66 35 1 50 31 61 7 71 79 33 55 74 10 10 100 4 77 1 30 45 35 83 90 
67 59 60 36 71 31 77 29 78 90 92 25 62 23 10 96 15 96 76 59 30 85 15 66 40 12 82 97 83 58 57 74 41 96 20 93 81 87 26 65 99 43 77 41 33 59 77 1 8 53 45 58 35 18 79 3 89 75 40 60 12 15 31 49 44 77 27 95 1 57 34 94 
36 15 13 92 69 88 31 3 2 53 9 58 59 31 71 5 94 29 49 73 66 93 15 20 85 9 4 9 43 3 63 67 77 11 10 50 81 47 7 72 2 25 36 67 21 49 64 13 99 13 40 10 78 28 64 8 48 91 90 65 14 24 89 96 89 10 69 95 51 100 25 98 
34 33 27 36 51 25 95 30 21 0 58 95 58 46 96 45 67 19 0 28 44 98 69 80 32 80 89 82 33 37 89 12 26 96 69 65 25 96 62 6 49 55 84 96 7 81 63 98 38 67 63 45 81 40 28 88 73 15 68 73 46 88 28 90 43 58 75 32 67 82 7 97 
69 58 65 58 58 78 7 0 13 99 87 95 92 53 35 69 59 62 75 51 58 50 33 23 4 61 15 61 80 49 90 49 5 94 67 95 85 3 88 61 84 74 95 43 76 69 84 78 74 42 7 77 90 79 20 96 40 91 36 42 86 43 26 10 9 71 36 91 99 17 33 21 
65 47 33 82 11 46 72 78 37 96 87 63 77 14 46 59 24 62 13 53 30 88 81 86 38 12 43 75 53 41 94 92 81 4 92 32 98 78 78 18 28 79 2 1 54 20 63 39 7 43 53 70 66 19 40 49 96 10 21 98 62 67 92 87 75 86 86 72 13 73 9 82 
32 95 68 25 64 13 45 65 9 38 33 48 20 7 4 78 83 76 23 40 78 10 20 13 36 2 4 2 98 29 12 46 28 85 53 41 17 49 6 21 93 58 59 70 10 100 3 68 28 25 50 28 54 16 97 41 28 66 95 45 40 73 74 76 29 61 94 56 87 96 94 74 
71 54 90 51 81 93 25 61 55 92 16 75 81 31 23 78 55 67 11 48 83 37 97 62 1 22 75 50 26 63 72 89 34 80 12 7 13 29 51 65 88 79 59 58 55 81 28 55 48 15 88 95 85 62 40 19 64 10 27 7 98 53 93 11 63 42 72 47 96 64 59 56 
10 22 32 96 30 41 55 24 81 19 4 64 98 35 62 61 21 33 40 65 1 84 50 43 42 1 25 36 72 67 64 21 24 40 11 69 16 30 7 11 1 29 15 31 33 64 40 12 90 29 88 0 18 98 67 100 17 51 92 66 0 16 0 53 25 13 36 25 73 6 7 30 
26 54 46 73 1 73 66 94 68 53 17 9 5 27 4 25 16 66 47 78 8 80 66 42 5 75 64 81 76 16 86 56 11 45 74 87 37 7 87 32 24 52 76 28 68 2 35 28 41 22 22 5 87 94 35 92 32 40 24 99 18 34 0 70 32 33 3 45 62 23 78 21 
23 44 75 42 4 97 63 43 25 50 17 79 45 3 38 55 67 79 26 96 42 15 63 3 1 47 8 3 27 30 17 88 98 24 7 52 24 72 2 5 97 98 60 10 52 25 4 36 15 61 95 99 7 80 49 76 54 51 22 92 84 70 24 67 67 89 60 20 6 1 47 72 
44 57 45 50 10 33 19 67 70 22 82 8 95 35 65 37 21 52 78 90 75 22 57 100 84 22 70 73 3 13 100 90 40 12 8 75 35 90 47 69 52 79 91 73 35 49 5 24 49 48 83 58 4 32 17 28 7 43 91 100 91 62 57 99 88 94 60 51 39 57 51 46 
37 97 20 27 94 49 49 28 84 17 26 15 40 61 84 90 38 75 74 26 89 23 61 64 48 49 58 7 83 97 48 99 67 59 21 89 73 44 36 88 53 76 73 67 35 96 66 35 87 88 38 73 44 25 64 32 14 50 6 39 40 45 77 93 97 55 64 71 18 29 46 50 
93 8 75 4 32 21 26 69 20 27 69 89 76 58 44 44 31 21 91 10 79 64 93 84 91 25 35 64 50 87 14 95 59 8 31 54 40 97 3 29 38 23 31 77 89 95 11 18 60 33 97 80 59 34 21 23 56 91 44 12 99 29 79 77 30 87 38 18 41 83 74 23 
29 23 23 48 2 40 100 87 95 1 55 87 28 65 98 49 36 73 73 13 74 91 94 57 55 18 14 2 83 99 36 82 65 53 65 52 8 24 46 58 68 86 70 10 56 22 0 77 64 96 12 70 82 33 21 22 76 59 7 7 16 79 27 48 18 35 27 26 36 83 38 98 
36 16 75 16 26 8 97 81 53 38 83 89 52 99 5 48 52 94 17 65 10 86 30 76 33 17 49 10 30 78 36 65 7 37 50 25 52 100 72 54 5 59 43 0 4 2 30 69 53 35 44 15 78 19 27 64 29 57 67 63 9 79 82 55 74 82 95 88 15 91 2 12 
41 86 84 33 47 25 2 61 67 35 42 55 18 26 21 81 68 99 65 3 70 16 70 73 79 30 59 29 19 97 7 7 89 99 20 27 8 98 57 100 22 73 100 99 53 23 94 53 82 41 98 78 37 99 71 15 13 13 28 1 86 74 58 81 71 69 73 82 91 30 57 50 
14 68 22 40 66 64 69 69 47 45 18 2 20 86 27 19 51 80 2 90 63 36 44 97 23 74 51 70 76 39 84 4 20 17 61 88 50 48 63 97 49 15 18 7 90 37 95 98 9 2 98 38 73 49 66 28 24 62 3 87 56 7 53 3 58 64 29 22 35 26 63 38 
12 29 76 65 67 26 17 24 42 43 11 56 28 75 65 34 99 14 54 53 31 33 84 95 54 64 9 22 56 34 64 54 59 19 10 22 54 71 55 56 17 7 95 61 65 82 93 96 55 20 7 71 72 98 58 91 93 24 14 74 84 3 1 53 84 11 28 12 24 50 74 13 
9 42 0 10 70 9 74 39 58 78 9 85 81 8 80 41 14 31 23 17 47 99 23 98 29 96 91 53 1 91 28 9 60 65 72 20 52 30 86 38 100 51 23 6 89 65 84 39 31 31 37 56 10 9 37 4 22 16 69 72 1 42 25 28 87 85 97 94 71 40 74 42 
96 55 7 37 90 98 3 71 42 16 46 90 50 19 36 51 4 24 42 36 66 39 54 36 60 19 2 60 99 67 57 67 1 5 65 85 93 60 12 86 45 96 0 40 63 72 95 85 25 1 100 96 88 31 17 84 26 2 0 11 87 10 96 8 7 29 30 80 38 42 44 37 
90 34 6 5 11 14 5 30 62 81 72 5 45 60 42 60 76 16 1 39 29 48 10 87 98 34 99 73 23 29 0 98 53 13 28 46 95 59 72 46 37 6 63 75 5 83 91 18 31 1 89 87 82 80 16 53 48 85 0 13 45 31 90 14 28 47 14 40 73 65 92 83 
52 30 10 23 19 60 12 75 34 35 45 74 27 38 2 97 8 96 75 68 97 82 96 3 15 70 8 22 32 61 43 32 24 98 74 49 28 18 45 76 81 10 68 86 47 24 84 76 27 64 60 81 25 2 33 16 36 13 52 56 43 54 90 45 21 24 100 41 91 67 63 26 
18 81 12 56 7 71 76 33 43 40 80 52 64 74 1 88 51 80 42 38 11 84 77 7 56 100 36 5 14 74 64 99 64 63 56 13 78 91 41 77 50 47 59 58 79 23 32 41 46 5 17 1 92 2 44 80 25 69 44 15 13 58 27 1 32 38 38 85 85 84 16 42 
22 6 10 21 5 21 1 59 87 68 50 17 16 30 78 91 33 46 62 55 23 17 73 59 72 36 20 30 97 70 6 70 96 68 77 94 68 11 30 9 85 59 4 58 93 49 95 28 38 19 20 50 61 60 75 94 84 15 39 48 89 100 27 43 13 57 95 26 65 0 51 45 
25 36 21 26 54 98 25 73 50 39 29 47 19 89 87 26 72 27 30 27 61 41 83 81 67 97 11 72 36 33 11 90 63 0 58 12 99 48 54 4 51 64 75 42 93 6 11 69 73 22 28 49 35 42 10 92 80 15 31 38 59 90 13 30 7 48 17 24 38 87 88 63 
40 34 4 7 37 54 