80 200
10 10 11 13 16 17 19 22 22 22 22 22 22 22 22 22 23 25 25 25 26 28 28 28 28 30 33 33 33 33 33 33 33 33 35 35 37 38 38 38 39 42 42 42 44 44 46 47 49 49 49 50 52 53 53 53 55 57 60 60 60 60 62 62 64 67 69 72 73 75 77 77 77 78 80 80 80 81 81 82 
39 -1
53 1
55 -1
16 1
71 1
25 1
9 -1
9 -1
21 1
21 -1
4 1
53 1
50 -1
7 -1
38 -1
36 -1
49 1
61 1
48 1
40 -1
44 -1
53 -1
22 -1
62 1
50 -1
66 -1
56 1
10 -1
78 -1
63 -1
11 1
29 -1
75 -1
60 1
31 -1
80 -1
69 -1
77 1
7 -1
41 -1
68 -1
5 -1
59 1
31 -1
51 1
66 1
38 -1
15 1
11 1
43 1
70 1
73 -1
29 1
51 -1
79 1
14 -1
21 1
30 -1
67 1
4 -1
63 -1
43 -1
52 -1
33 -1
65 -1
11 -1
22 1
11 1
8 1
13 -1
43 1
66 -1
50 1
12 1
1 -1
57 1
6 -1
6 1
7 -1
40 1
59 1
39 1
3 -1
48 1
2 1
75 -1
56 1
49 1
52 -1
48 -1
59 -1
40 1
6 -1
19 -1
30 1
65 1
80 -1
74 1
24 -1
33 -1
39 -1
55 1
4 -1
5 -1
27 1
29 -1
14 -1
2 1
64 1
74 -1
45 -1
1 -1
72 1
28 1
48 -1
8 -1
62 1
6 1
41 -1
80 -1
30 -1
3 -1
52 1
7 1
23 -1
1 1
28 1
74 1
37 1
80 1
33 1
77 1
38 -1
2 -1
78 1
24 -1
23 1
62 1
32 1
32 -1
24 1
20 1
37 -1
4 -1
1 -1
57 1
1 1
23 1
16 -1
36 -1
3 -1
20 1
2 -1
40 1
57 1
68 -1
25 1
5 -1
19 1
54 1
15 1
31 1
56 -1
71 1
7 1
43 -1
44 -1
41 1
26 -1
31 -1
52 -1
12 -1
6 1
27 1
50 -1
3 -1
35 1
46 -1
73 -1
61 -1
64 -1
34 1
21 -1
54 -1
71 1
72 1
63 1
32 1
17 1
52 -1
35 -1
11 1
25 -1
50 -1
8 -1
76 1
5 -1
11 1
46 1
78 1
